Characterized Commands
command count min  max  cmd rep inc inr evt ine outer inner new   data
----------------------------------------------------------------------------------------------------------------
0001    1     0    0    1   0   0   0   0   0   1     0     new
4001    1     0    0    1   0   0   0   0   0   1     0     new
8001    1     0    0    1   0   0   0   0   0   1     0     new
0000    1     8    8    0   1   0   0   0   0   1     0     new   00000400
4000    1     8    8    0   1   0   0   0   0   1     0     new   00000400
8000    1     8    8    0   1   0   0   0   0   1     0     new   00000400
0002    6     24   24   0   0   1   1   0   0   0     1     new   000000000000000019000000
0102    6     16   88   0   0   1   1   0   0   0     1     new   0400000000000000
0202    6     16   16   0   0   1   1   0   0   0     1     new   0000000000000000

Event in open dialog
Characterized Commands
command count min  max  cmd rep inc inr evt ine outer inner new   data
----------------------------------------------------------------------------------------------------------------
0001    1     0    0    1   0   0   0   0   0   1     0
4001    1     0    0    1   0   0   0   0   0   1     0
8001    1     0    0    1   0   0   0   0   0   1     0
b101    1     0    0    1   0   0   0   0   0   1     0     new
0500    2     0    0    0   1   0   0   1   0   1     0     new
0000    1     8    8    0   1   0   0   0   0   1     0           00000400
4000    1     8    8    0   1   0   0   0   0   1     0           00000400
8000    1     8    8    0   1   0   0   0   0   1     0           00000400
4500    2     0    0    0   0   0   1   0   1   0     1     new
8500    2     0    0    0   0   0   1   0   1   0     1     new
0002    6     24   24   0   0   1   1   0   0   0     1           000000000000000019000000
0102    6     16   88   0   0   1   1   0   0   0     1           0400000000000000
0202    6     16   16   0   0   1   1   0   0   0     1           0000000000000000

import test.csv
Characterized Commands
command count min  max  cmd rep inc inr evt ine outer inner new   data
----------------------------------------------------------------------------------------------------------------
0001    1     0    0    1   0   0   0   0   0   1     0
4001    1     0    0    1   0   0   0   0   0   1     0
8001    3     0    0    1   0   0   0   0   0   1     0
b101    2     0    0    1   0   0   0   0   0   1     0
b201    2     0    0    1   0   0   0   0   0   1     0     new
0301    20    16   16   1   0   0   0   0   0   1     0     new   eeeeeeeeeeee0110
8301    5     16   16   1   0   0   0   0   0   1     0     new   db8299aaf567e68e
8401    4     24   24   1   0   0   0   0   0   1     0     new   13000000db8299aaf567e68e
8601    4     24   24   1   0   0   0   0   0   1     0     new   13000000db8299aaf567e68e
0701    5     16   16   1   0   0   0   0   0   1     0     new   eeeeeeeeeeee0110
8701    1     16   16   1   0   0   0   0   0   1     0     new   db8299aaf567e68e
0c01    5     34   34   1   0   0   0   0   0   1     0     new   506f70613000000090c71900834e2a6548
8c01    5     34   34   1   0   0   0   0   0   1     0     new   506f706147726f7570008506b8058506af
0d01    5     0    0    1   0   0   0   0   0   1     0     new
8e01    3     0    0    1   0   0   0   0   0   1     0     new
0002    44    24   24   1   0   1   1   0   0   1     1           000000000000000019000000
0102    44    16   130  1   0   1   1   0   0   1     1           0400000000000000
0202    44    16   16   1   0   1   1   0   0   1     1           0000000000000000
0500    4     0    0    0   1   0   1   1   0   1     1
0000    1     8    8    0   1   0   0   0   0   1     0           00000400
4000    1     8    8    0   1   0   0   0   0   1     0           00000400
8000    3     8    8    0   1   0   0   0   0   1     0           00000400
8100    4     8    8    0   1   0   0   0   0   1     0     new   00000400
8200    4     8    8    0   1   0   0   0   0   1     0     new   00000400
0300    5     8    8    0   1   0   0   0   0   1     0     new   00000400
8300    1     8    8    0   1   0   0   0   0   1     0     new   00000400
0600    20    8    8    0   1   0   0   0   0   1     0     new   00000400
8600    5     8    8    0   1   0   0   0   0   1     0     new   00000400
0800    5     24   24   0   1   0   0   0   0   1     0     new   030b04800000000000000000
8800    5     24   24   0   1   0   0   0   0   1     0     new   00000400db8299aaf567e68e
0900    5     8    8    0   1   0   0   0   0   1     0     new   00000000
8a00    3     8    8    0   1   0   0   0   0   1     0     new   00000000
0700    20    0    16   0   0   0   1   1   0   1     1     new   eeee011000000000
8700    10    0    16   0   0   0   1   1   0   1     1     new   f567e68e00000000
4500    4     0    0    0   0   0   1   0   1   0     1
8500    4     0    0    0   0   0   1   0   1   0     1



delete folder
Characterized Commands
command count min  max  cmd rep inc inr evt ine outer inner new   data
----------------------------------------------------------------------------------------------------------------
0001    1     0    0    1   0   0   0   0   0   1     0
4001    1     0    0    1   0   0   0   0   0   1     0
8001    13    0    0    1   0   0   0   0   0   1     0
b101    3     0    0    1   0   0   0   0   0   1     0
b201    3     0    0    1   0   0   0   0   0   1     0
0301    45    16   16   1   0   0   0   0   0   1     0           eeeeeeeeeeee0110
8301    14    16   16   1   0   0   0   0   0   1     0           db8299aaf567e68e
8401    9     24   24   1   0   0   0   0   0   1     0           13000000db8299aaf567e68e
8601    9     24   24   1   0   0   0   0   0   1     0           13000000db8299aaf567e68e
0701    5     16   16   1   0   0   0   0   0   1     0           eeeeeeeeeeee0110
8701    1     16   16   1   0   0   0   0   0   1     0           db8299aaf567e68e
0801    5     16   16   1   0   0   0   0   0   1     0     new   eeeeeeeeeeee0110
8801    1     16   16   1   0   0   0   0   0   1     0     new   db8299aaf567e68e
0c01    10    34   34   1   0   0   0   0   0   1     0           506f70613000000090c71900834e2a6548
8c01    11    34   34   1   0   0   0   0   0   1     0           506f706147726f757000000001000000bf
0d01    5     0    0    1   0   0   0   0   0   1     0
8e01    13    0    0    1   0   0   0   0   0   1     0
0002    79    24   24   1   0   1   1   0   0   1     1           000000000000000019000000
0102    79    16   130  1   0   1   1   0   0   1     1           0400000000000000
0202    79    16   16   1   0   1   1   0   0   1     1           0000000000000000
0500    12    0    0    0   1   0   1   1   1   1     1
0000    1     8    8    0   1   0   0   0   0   1     0           00000400
4000    1     8    8    0   1   0   0   0   0   1     0           00000400
8000    13    8    8    0   1   0   0   0   0   1     0           00000400
8100    9     8    8    0   1   0   0   0   0   1     0           00000400
8200    9     8    8    0   1   0   0   0   0   1     0           00000400
0300    5     8    8    0   1   0   0   0   0   1     0           00000400
8300    1     8    8    0   1   0   0   0   0   1     0           00000400
0400    5     8    8    0   1   0   0   0   0   1     0     new   00000400
8400    1     8    8    0   1   0   0   0   0   1     0     new   00000400
0600    45    8    8    0   1   0   0   0   0   1     0           00000400
8600    14    8    8    0   1   0   0   0   0   1     0           00000400
0800    10    24   24   0   1   0   0   0   0   1     0           00000400eeeeeeeeeeee0110
8800    11    24   24   0   1   0   0   0   0   1     0           00000400db8299aaf567e68e
0900    5     8    8    0   1   0   0   0   0   1     0           00000000
8a00    13    8    8    0   1   0   0   0   0   1     0           00000000
0700    39    0    16   0   0   0   1   1   0   1     1           eeee011000000000
8700    22    0    16   0   0   0   1   1   1   1     1           f567e68e00000000
4500    11    0    0    0   0   0   1   0   1   0     1
8500    11    0    0    0   0   0   1   0   1   0     1


after then importing Navigation.txt
Characterized Commands
command count min  max  cmd rep inc inr evt ine outer inner new   data
----------------------------------------------------------------------------------------------------------------
0001    1     0    0    1   0   0   0   0   0   1     0
4001    4     0    0    1   0   0   0   0   0   1     0
8001    15    0    0    1   0   0   0   0   0   1     0
b101    7     0    0    1   0   0   0   0   0   1     0
b201    7     0    0    1   0   0   0   0   0   1     0
0301    321   16   16   1   0   0   0   0   0   1     0           0000000000000000
8301    86    16   16   1   0   0   0   0   0   1     0           db8299aaf567e68e
8401    73    24   24   1   0   0   0   0   0   1     0           13000000db8299aaf567e68e
8601    73    24   24   1   0   0   0   0   0   1     0           13000000db8299aaf567e68e
0701    73    16   16   1   0   0   0   0   0   1     0           0000000000000000
4701    3     16   16   1   0   0   0   0   0   1     0     new   0c00000000000000
8701    5     16   16   1   0   0   0   0   0   1     0           db8299aaf567e68e
0801    5     16   16   1   0   0   0   0   0   1     0           eeeeeeeeeeee0110
8801    1     16   16   1   0   0   0   0   0   1     0           db8299aaf567e68e
0c01    78    34   34   1   0   0   0   0   0   1     0           506f70613000000090c71900834e2a6538
4c01    9     34   34   1   0   0   0   0   0   1     0     new   4167756100e6b5010400000060cb190060
8c01    82    34   34   1   0   0   0   0   0   1     0           003d2a65d86a0f0b00000000000000003f
0d01    73    0    0    1   0   0   0   0   0   1     0
8e01    19    0    0    1   0   0   0   0   0   1     0
0002    572   24   24   1   0   1   1   0   0   1     1           000000000000000001000000
0102    573   16   1008 1   0   1   1   0   0   1     1           00010000000004000b000005506f706101000000...
0202    572   16   16   1   0   1   1   0   0   1     1           0000000000000000
0500    16    0    0    0   1   0   1   1   1   1     1
0700    382   0    16   0   1   0   1   1   0   1     1           0000000000000000
0000    1     8    8    0   1   0   0   0   0   1     0           00000400
4000    4     8    8    0   1   0   0   0   0   1     0           00000400
8000    15    8    8    0   1   0   0   0   0   1     0           00000400
8100    73    8    8    0   1   0   0   0   0   1     0           00000400
8200    73    8    8    0   1   0   0   0   0   1     0           00000400
0300    73    8    8    0   1   0   0   0   0   1     0           00000400
4300    3     8    8    0   1   0   0   0   0   1     0     new   00000400
8300    5     8    8    0   1   0   0   0   0   1     0           00000400
0400    5     8    8    0   1   0   0   0   0   1     0           00000400
8400    1     8    8    0   1   0   0   0   0   1     0           00000400
0600    321   8    8    0   1   0   0   0   0   1     0           00000400
8600    86    8    8    0   1   0   0   0   0   1     0           00000400
0800    78    24   24   0   1   0   0   0   0   1     0           00000400eeeeeeeeeeee0110
4800    9     24   24   0   1   0   0   0   0   1     0     new   030b04800000000000000000
8800    82    24   24   0   1   0   0   0   0   1     0           00000400db8299aaf567e68e
0900    73    8    8    0   1   0   0   0   0   1     0           00000000
8a00    19    8    8    0   1   0   0   0   0   1     0           00000000
8700    229   0    16   0   0   0   1   1   1   1     1           f567e68e00000000
4500    14    0    0    0   0   0   1   0   1   0     1
8500    14    0    0    0   0   0   1   0   1   0     1
4700    3     16   16   0   0   0   1   0   0   0     1     new   0000000000000000

Then a few seconds later, got some events
Characterized Commands
command count min  max  cmd rep inc inr evt ine outer inner new   data
----------------------------------------------------------------------------------------------------------------
0001    2     0    0    1   0   0   0   0   0   1     0
4001    5     0    0    1   0   0   0   0   0   1     0
8001    16    0    0    1   0   0   0   0   0   1     0
b101    7     0    0    1   0   0   0   0   0   1     0
b201    7     0    0    1   0   0   0   0   0   1     0
0301    383   16   16   1   0   0   0   0   0   1     0           0000000000000000
4301    3     16   16   1   0   0   0   0   0   1     0     new   0c00000000000000
8301    86    16   16   1   0   0   0   0   0   1     0           db8299aaf567e68e
8401    73    24   24   1   0   0   0   0   0   1     0           13000000db8299aaf567e68e
8601    73    24   24   1   0   0   0   0   0   1     0           13000000db8299aaf567e68e
0701    73    16   16   1   0   0   0   0   0   1     0           0000000000000000
4701    3     16   16   1   0   0   0   0   0   1     0           0c00000000000000
8701    5     16   16   1   0   0   0   0   0   1     0           db8299aaf567e68e
0801    5     16   16   1   0   0   0   0   0   1     0           eeeeeeeeeeee0110
8801    1     16   16   1   0   0   0   0   0   1     0           db8299aaf567e68e
0c01    78    34   34   1   0   0   0   0   0   1     0           506f70613000000090c71900834e2a6538
4c01    9     34   34   1   0   0   0   0   0   1     0           4167756100e6b5010400000060cb190060
8c01    82    34   34   1   0   0   0   0   0   1     0           003d2a65d86a0f0b00000000000000003f
0d01    73    0    0    1   0   0   0   0   0   1     0
8e01    19    0    0    1   0   0   0   0   0   1     0
0002    643   24   24   1   0   1   1   0   0   1     1           000000000000000001000000
0102    646   16   1008 1   0   1   1   0   0   1     1           00010000000004000b000005506f706101000000...
0202    643   16   16   1   0   1   1   0   0   1     1           0000000000000000
0500    16    0    0    0   1   0   1   1   1   1     1
0700    382   0    16   0   1   0   1   1   0   1     1           0000000000000000
0000    2     8    8    0   1   0   0   0   0   1     0           00000400
4000    5     8    8    0   1   0   0   0   0   1     0           00000400
8000    16    8    8    0   1   0   0   0   0   1     0           00000400
8100    73    8    8    0   1   0   0   0   0   1     0           00000400
8200    73    8    8    0   1   0   0   0   0   1     0           00000400
0300    73    8    8    0   1   0   0   0   0   1     0           00000400
4300    3     8    8    0   1   0   0   0   0   1     0           00000400
8300    5     8    8    0   1   0   0   0   0   1     0           00000400
0400    5     8    8    0   1   0   0   0   0   1     0           00000400
8400    1     8    8    0   1   0   0   0   0   1     0           00000400
0600    383   8    8    0   1   0   0   0   0   1     0           00000400
4600    3     8    8    0   1   0   0   0   0   1     0     new   00000400
8600    86    8    8    0   1   0   0   0   0   1     0           00000400
0800    78    24   24   0   1   0   0   0   0   1     0           00000400eeeeeeeeeeee0110
4800    9     24   24   0   1   0   0   0   0   1     0           030b04800000000000000000
8800    82    24   24   0   1   0   0   0   0   1     0           00000400db8299aaf567e68e
0900    73    8    8    0   1   0   0   0   0   1     0           00000000
8a00    19    8    8    0   1   0   0   0   0   1     0           00000000
8700    229   0    16   0   0   0   1   1   1   1     1           f567e68e00000000
4500    14    0    0    0   0   0   1   0   1   0     1
8500    14    0    0    0   0   0   1   0   1   0     1
4700    3     16   16   0   0   0   1   0   0   0     1           0000000000000000


After Deleting Navigation.txt stuff
Characterized Commands
command count min  max  cmd rep inc inr evt ine outer inner new   data
----------------------------------------------------------------------------------------------------------------
0001    5     0    0    1   0   0   0   0   0   1     0
4001    8     0    0    1   0   0   0   0   0   1     0
8001    277   0    0    1   0   0   0   0   0   1     0
b101    18    0    0    1   0   0   0   0   0   1     0
b201    18    0    0    1   0   0   0   0   0   1     0
0301    948   16   16   1   0   0   0   0   0   1     0           0000000000000000
4301    12    16   16   1   0   0   0   0   0   1     0           0c00000000000000
8301    262   16   16   1   0   0   0   0   0   1     0           db8299aaf567e68e
8401    186   24   24   1   0   0   0   0   0   1     0           13000000db8299aaf567e68e
8601    186   24   24   1   0   0   0   0   0   1     0           13000000db8299aaf567e68e
0701    96    16   16   1   0   0   0   0   0   1     0           0000000000000000
4701    3     16   16   1   0   0   0   0   0   1     0           0c00000000000000
8701    6     16   16   1   0   0   0   0   0   1     0           db8299aaf567e68e
0801    96    16   16   1   0   0   0   0   0   1     0           0000000000000000
4801    3     16   16   1   0   0   0   0   0   1     0     new   0c00000000000000
8801    6     16   16   1   0   0   0   0   0   1     0           db8299aaf567e68e
0c01    260   34   34   1   0   0   0   0   0   1     0           506f70613000000090c71900834e2a6538
4c01    12    34   34   1   0   0   0   0   0   1     0           4167756100e6b5010400000060cb190060
8c01    203   34   34   1   0   0   0   0   0   1     0           003d2a65d86a0f0b00000000000000003f
0d01    119   0    0    1   0   0   0   0   0   1     0
8e01    280   0    0    1   0   0   0   0   0   1     0
0002    1710  24   24   1   0   1   1   0   1   1     1           000000000000000001000000
0102    1715  16   1008 1   0   1   1   0   1   1     1           00010000000004000b000005506f706101000000...
0202    1710  16   16   1   0   1   1   0   1   1     1           0000000000000000
0000    5     8    8    0   1   0   0   1   0   1     0           00000400
4000    8     8    8    0   1   0   0   1   0   1     0           00000400
8000    277   8    8    0   1   0   1   1   0   1     1           00000400
0500    90    0    0    0   1   0   1   1   1   1     1
0600    948   8    8    0   1   0   0   1   0   1     0           00000400
4600    12    8    8    0   1   0   0   1   0   1     0           00000400
8600    262   8    8    0   1   0   0   1   0   1     0           00000400
0700    955   0    16   0   1   0   1   1   1   1     1           0000000000000000
8100    186   8    8    0   1   0   0   0   0   1     0           00000400
8200    186   8    8    0   1   0   0   0   0   1     0           00000400
0300    96    8    8    0   1   0   0   0   0   1     0           00000400
4300    3     8    8    0   1   0   0   0   0   1     0           00000400
8300    6     8    8    0   1   0   0   0   0   1     0           00000400
0400    96    8    8    0   1   0   0   0   0   1     0           00000400
4400    3     8    8    0   1   0   0   0   0   1     0     new   00000400
8400    6     8    8    0   1   0   0   0   0   1     0           00000400
0800    260   24   24   0   1   0   0   0   0   1     0           000004000000000000000000
4800    12    24   24   0   1   0   0   0   0   1     0           000004000c00000000000000
8800    203   24   24   0   1   0   0   0   0   1     0           00000400db8299aaf567e68e
0900    119   8    8    0   1   0   0   0   0   1     0           00000000
8a00    279   8    8    0   1   0   0   0   0   1     0           00000000
8700    596   0    16   0   0   0   1   1   1   1     1           f567
4500    82    0    0    0   0   0   1   0   1   0     1
8500    82    0    0    0   0   0   1   0   1   0     1
4700    8     16   16   0   0   0   1   0   1   0     1           0000000000000000

