*********** RAYTECH WAPOINT AND ROUTE TXT FILE --DO NOT EDIT THIS LINE!!!! ***********
*********** The first 10 lines of this file are reserved *****************
*********** The waypoint data is comma delimited in the order of: ***********
*********** Loc,Name,Lat,Long,Rng,Bear,Bmp,Fixed,Locked,Notes,Rel,RelSet,RcCount,RcRadius,Show,RcShow,SeaTemp,Depth,Time,MarkedForTransfer,GUID*********
*********** Following the waypoint data is the route data: ********
*********** Route data is also comma delimited in the order of:***********
*********** RouteName,Visible,MarkedForTransfer,NumMarks, Guid***********
*********** MarkName,Cog,Eta,Length,PredictedDrift,PredictedSet,PredictedSog,PredictedTime,PredictedTwa,PredictedTwd,PredictedTws***********
*****************************************************************************************************************
************************************ END HEADER ****************************************************************
Bocas,StarfishBeach,9.403830,-82.326784,0.0,0.0,25,0,0,,,0,0,0.0,0,0,0.0,0.0,,1,0
Popa,Popa0,9.334083,-82.242050,0.0,0.0,3,0,0,,,0,0,0.0,0,0,0.0,0.0,,1,1
Popa,Popa1,9.272120,-82.204624,0.0,0.0,48,0,0,,,0,0,0.0,0,0,0.0,0.0,,1,2
Popa,Popa2,9.255866,-82.197158,0.0,0.0,48,0,0,,,0,0,0.0,0,0,0.0,0.0,,1,3
Popa,Popa3,9.249720,-82.193311,0.0,0.0,48,0,0,,,0,0,0.0,0,0,0.0,0.0,,1,4
Popa,Popa4,9.231067,-82.180733,0.0,0.0,48,0,0,,,0,0,0.0,0,0,0.0,0.0,,1,5
Popa,Popa5,9.227000,-82.165517,0.0,0.0,48,0,0,,,0,0,0.0,0,0,0.0,0.0,,1,6
Popa,Popa6,9.208679,-82.155577,0.0,0.0,48,0,0,,,0,0,0.0,0,0,0.0,0.0,,1,7
Popa,Popa7,9.202670,-82.157985,0.0,0.0,48,0,0,,,0,0,0.0,0,0,0.0,0.0,,1,8
Popa,Popa8,9.200271,-82.152427,0.0,0.0,48,0,0,,,0,0,0.0,0,0,0.0,0.0,,1,9
Popa,Popa9,9.200832,-82.145835,0.0,0.0,48,0,0,,,0,0,0.0,0,0,0.0,0.0,,1,10
Popa,Popa10,9.203776,-82.143256,0.0,0.0,37,0,0,,,0,0,0.0,0,0,0.0,0.0,,1,11
Michelle,m001,9.134401,-82.165417,0.0,0.0,3,0,0,,,0,0,0.0,0,0,0.0,0.0,,1,13
Michelle,m002,9.133501,-82.165900,0.0,0.0,48,0,0,,,0,0,0.0,0,0,0.0,0.0,,1,14
Michelle,m003,9.132667,-82.167583,0.0,0.0,48,0,0,,,0,0,0.0,0,0,0.0,0.0,,1,15
Michelle,m004,9.130884,-82.167583,0.0,0.0,48,0,0,,,0,0,0.0,0,0,0.0,0.0,,1,16
Michelle,m005,9.129518,-82.166867,0.0,0.0,48,0,0,,,0,0,0.0,0,0,0.0,0.0,,1,17
Michelle,m006,9.128084,-82.165383,0.0,0.0,48,0,0,,,0,0,0.0,0,0,0.0,0.0,,1,18
Michelle,m007,9.128384,-82.163450,0.0,0.0,48,0,0,,,0,0,0.0,0,0,0.0,0.0,,1,19
Michelle,m008,9.128401,-82.161483,0.0,0.0,48,0,0,,,0,0,0.0,0,0,0.0,0.0,,1,20
Michelle,m009,9.131151,-82.159017,0.0,0.0,48,0,0,,,0,0,0.0,0,0,0.0,0.0,,1,21
Michelle,m010,9.131751,-82.157033,0.0,0.0,48,0,0,,,0,0,0.0,0,0,0.0,0.0,,1,22
Michelle,m011,9.132251,-82.155883,0.0,0.0,48,0,0,,,0,0,0.0,0,0,0.0,0.0,,1,23
Michelle,m012,9.133301,-82.155200,0.0,0.0,48,0,0,,,0,0,0.0,0,0,0.0,0.0,,1,24
Michelle,m013,9.135701,-82.154600,0.0,0.0,48,0,0,,,0,0,0.0,0,0,0.0,0.0,,1,25
Michelle,m014,9.139101,-82.154450,0.0,0.0,48,0,0,,,0,0,0.0,0,0,0.0,0.0,,1,26
Michelle,m015,9.142601,-82.151250,0.0,0.0,48,0,0,,,0,0,0.0,0,0,0.0,0.0,,1,27
Michelle,m016,9.143784,-82.150450,0.0,0.0,48,0,0,,,0,0,0.0,0,0,0.0,0.0,,1,28
Michelle,m017,9.145468,-82.151983,0.0,0.0,48,0,0,,,0,0,0.0,0,0,0.0,0.0,,1,29
Michelle,m018,9.146851,-82.153683,0.0,0.0,48,0,0,,,0,0,0.0,0,0,0.0,0.0,,1,30
Michelle,m019,9.148117,-82.154467,0.0,0.0,48,0,0,,,0,0,0.0,0,0,0.0,0.0,,1,31
Michelle,m020,9.149617,-82.154783,0.0,0.0,48,0,0,,,0,0,0.0,0,0,0.0,0.0,,1,32
Michelle,m021,9.152101,-82.153950,0.0,0.0,48,0,0,,,0,0,0.0,0,0,0.0,0.0,,1,33
Michelle,m022,9.153267,-82.154267,0.0,0.0,48,0,0,,,0,0,0.0,0,0,0.0,0.0,,1,34
Michelle,m023,9.154834,-82.155000,0.0,0.0,48,0,0,,,0,0,0.0,0,0,0.0,0.0,,1,35
Michelle,m024,9.155667,-82.155883,0.0,0.0,48,0,0,,,0,0,0.0,0,0,0.0,0.0,,1,36
Michelle,m025,9.156801,-82.157617,0.0,0.0,48,0,0,,,0,0,0.0,0,0,0.0,0.0,,1,37
Michelle,m026,9.159301,-82.160383,0.0,0.0,48,0,0,,,0,0,0.0,0,0,0.0,0.0,,1,38
Michelle,m027,9.160701,-82.160767,0.0,0.0,48,0,0,,,0,0,0.0,0,0,0.0,0.0,,1,39
Michelle,m028,9.162784,-82.162117,0.0,0.0,48,0,0,,,0,0,0.0,0,0,0.0,0.0,,1,40
Michelle,m029,9.163434,-82.163383,0.0,0.0,48,0,0,,,0,0,0.0,0,0,0.0,0.0,,1,41
Michelle,m030,9.167017,-82.164633,0.0,0.0,48,0,0,,,0,0,0.0,0,0,0.0,0.0,,1,42
Michelle,m031,9.170067,-82.162833,0.0,0.0,48,0,0,,,0,0,0.0,0,0,0.0,0.0,,1,43
Michelle,m032,9.171684,-82.161367,0.0,0.0,48,0,0,,,0,0,0.0,0,0,0.0,0.0,,1,44
Michelle,m033,9.176117,-82.161317,0.0,0.0,48,0,0,,,0,0,0.0,0,0,0.0,0.0,,1,45
Michelle,m034,9.179167,-82.160117,0.0,0.0,48,0,0,,,0,0,0.0,0,0,0.0,0.0,,1,46
Michelle,m035,9.181267,-82.161467,0.0,0.0,48,0,0,,,0,0,0.0,0,0,0.0,0.0,,1,47
Michelle,m036,9.183034,-82.160500,0.0,0.0,48,0,0,,,0,0,0.0,0,0,0.0,0.0,,1,48
Michelle,m037,9.184834,-82.161717,0.0,0.0,48,0,0,,,0,0,0.0,0,0,0.0,0.0,,1,49
Michelle,m038,9.186484,-82.160483,0.0,0.0,48,0,0,,,0,0,0.0,0,0,0.0,0.0,,1,50
Michelle,m039,9.189767,-82.162433,0.0,0.0,48,0,0,,,0,0,0.0,0,0,0.0,0.0,,1,51
Michelle,m040,9.200684,-82.173300,0.0,0.0,48,0,0,,,0,0,0.0,0,0,0.0,0.0,,1,52
Michelle,m041,9.206084,-82.185483,0.0,0.0,48,0,0,,,0,0,0.0,0,0,0.0,0.0,,1,53
Michelle,m042,9.217284,-82.195217,0.0,0.0,48,0,0,,,0,0,0.0,0,0,0.0,0.0,,1,54
Michelle,m043,9.221684,-82.197983,0.0,0.0,48,0,0,,,0,0,0.0,0,0,0.0,0.0,,1,55
Michelle,m044,9.240917,-82.202517,0.0,0.0,48,0,0,,,0,0,0.0,0,0,0.0,0.0,,1,56
Michelle,m045,9.282834,-82.208367,0.0,0.0,48,0,0,,,0,0,0.0,0,0,0.0,0.0,,1,57
Michelle,m046,9.330267,-82.241967,0.0,0.0,48,0,0,,,0,0,0.0,0,0,0.0,0.0,,1,58
Agua,om01,9.178287,-82.059440,0.0,0.0,3,0,0,,,0,0,0.0,0,0,0.0,0.0,,1,60
Agua,om02,9.152581,-82.078079,0.0,0.0,48,0,0,,,0,0,0.0,0,0,0.0,0.0,,1,61
Agua,om03,9.146448,-82.078789,0.0,0.0,48,0,0,,,0,0,0.0,0,0,0.0,0.0,,1,62
Agua,om04,9.138095,-82.075815,0.0,0.0,48,0,0,,,0,0,0.0,0,0,0.0,0.0,,1,63
Agua,om05,9.120976,-82.076292,0.0,0.0,48,0,0,,,0,0,0.0,0,0,0.0,0.0,,1,64
Agua,om06,9.109351,-82.071441,0.0,0.0,48,0,0,,,0,0,0.0,0,0,0.0,0.0,,1,65
Agua,om07,9.082345,-82.089245,0.0,0.0,48,0,0,,,0,0,0.0,0,0,0.0,0.0,,1,66
Agua,om08,9.098413,-82.159821,0.0,0.0,48,0,0,,,0,0,0.0,0,0,0.0,0.0,,1,67
Agua,om09,9.113739,-82.172105,0.0,0.0,48,0,0,,,0,0,0.0,0,0,0.0,0.0,,1,68
Agua,om10,9.124307,-82.172974,0.0,0.0,48,0,0,,,0,0,0.0,0,0,0.0,0.0,,1,69
Popa,0,1,11,12
Popa0,0.0,0.0,0.0,0.0,0.0,0.0,0.0,0.0,0.0,0.0
Popa1,0.0,0.0,0.0,0.0,0.0,0.0,0.0,0.0,0.0,0.0
Popa2,0.0,0.0,0.0,0.0,0.0,0.0,0.0,0.0,0.0,0.0
Popa3,0.0,0.0,0.0,0.0,0.0,0.0,0.0,0.0,0.0,0.0
Popa4,0.0,0.0,0.0,0.0,0.0,0.0,0.0,0.0,0.0,0.0
Popa5,0.0,0.0,0.0,0.0,0.0,0.0,0.0,0.0,0.0,0.0
Popa6,0.0,0.0,0.0,0.0,0.0,0.0,0.0,0.0,0.0,0.0
Popa7,0.0,0.0,0.0,0.0,0.0,0.0,0.0,0.0,0.0,0.0
Popa8,0.0,0.0,0.0,0.0,0.0,0.0,0.0,0.0,0.0,0.0
Popa9,0.0,0.0,0.0,0.0,0.0,0.0,0.0,0.0,0.0,0.0
Popa10,0.0,0.0,0.0,0.0,0.0,0.0,0.0,0.0,0.0,0.0
Michelle,0,1,46,59
m001,0.0,0.0,0.0,0.0,0.0,0.0,0.0,0.0,0.0,0.0
m002,0.0,0.0,0.0,0.0,0.0,0.0,0.0,0.0,0.0,0.0
m003,0.0,0.0,0.0,0.0,0.0,0.0,0.0,0.0,0.0,0.0
m004,0.0,0.0,0.0,0.0,0.0,0.0,0.0,0.0,0.0,0.0
m005,0.0,0.0,0.0,0.0,0.0,0.0,0.0,0.0,0.0,0.0
m006,0.0,0.0,0.0,0.0,0.0,0.0,0.0,0.0,0.0,0.0
m007,0.0,0.0,0.0,0.0,0.0,0.0,0.0,0.0,0.0,0.0
m008,0.0,0.0,0.0,0.0,0.0,0.0,0.0,0.0,0.0,0.0
m009,0.0,0.0,0.0,0.0,0.0,0.0,0.0,0.0,0.0,0.0
m010,0.0,0.0,0.0,0.0,0.0,0.0,0.0,0.0,0.0,0.0
m011,0.0,0.0,0.0,0.0,0.0,0.0,0.0,0.0,0.0,0.0
m012,0.0,0.0,0.0,0.0,0.0,0.0,0.0,0.0,0.0,0.0
m013,0.0,0.0,0.0,0.0,0.0,0.0,0.0,0.0,0.0,0.0
m014,0.0,0.0,0.0,0.0,0.0,0.0,0.0,0.0,0.0,0.0
m015,0.0,0.0,0.0,0.0,0.0,0.0,0.0,0.0,0.0,0.0
m016,0.0,0.0,0.0,0.0,0.0,0.0,0.0,0.0,0.0,0.0
m017,0.0,0.0,0.0,0.0,0.0,0.0,0.0,0.0,0.0,0.0
m018,0.0,0.0,0.0,0.0,0.0,0.0,0.0,0.0,0.0,0.0
m019,0.0,0.0,0.0,0.0,0.0,0.0,0.0,0.0,0.0,0.0
m020,0.0,0.0,0.0,0.0,0.0,0.0,0.0,0.0,0.0,0.0
m021,0.0,0.0,0.0,0.0,0.0,0.0,0.0,0.0,0.0,0.0
m022,0.0,0.0,0.0,0.0,0.0,0.0,0.0,0.0,0.0,0.0
m023,0.0,0.0,0.0,0.0,0.0,0.0,0.0,0.0,0.0,0.0
m024,0.0,0.0,0.0,0.0,0.0,0.0,0.0,0.0,0.0,0.0
m025,0.0,0.0,0.0,0.0,0.0,0.0,0.0,0.0,0.0,0.0
m026,0.0,0.0,0.0,0.0,0.0,0.0,0.0,0.0,0.0,0.0
m027,0.0,0.0,0.0,0.0,0.0,0.0,0.0,0.0,0.0,0.0
m028,0.0,0.0,0.0,0.0,0.0,0.0,0.0,0.0,0.0,0.0
m029,0.0,0.0,0.0,0.0,0.0,0.0,0.0,0.0,0.0,0.0
m030,0.0,0.0,0.0,0.0,0.0,0.0,0.0,0.0,0.0,0.0
m031,0.0,0.0,0.0,0.0,0.0,0.0,0.0,0.0,0.0,0.0
m032,0.0,0.0,0.0,0.0,0.0,0.0,0.0,0.0,0.0,0.0
m033,0.0,0.0,0.0,0.0,0.0,0.0,0.0,0.0,0.0,0.0
m034,0.0,0.0,0.0,0.0,0.0,0.0,0.0,0.0,0.0,0.0
m035,0.0,0.0,0.0,0.0,0.0,0.0,0.0,0.0,0.0,0.0
m036,0.0,0.0,0.0,0.0,0.0,0.0,0.0,0.0,0.0,0.0
m037,0.0,0.0,0.0,0.0,0.0,0.0,0.0,0.0,0.0,0.0
m038,0.0,0.0,0.0,0.0,0.0,0.0,0.0,0.0,0.0,0.0
m039,0.0,0.0,0.0,0.0,0.0,0.0,0.0,0.0,0.0,0.0
m040,0.0,0.0,0.0,0.0,0.0,0.0,0.0,0.0,0.0,0.0
m041,0.0,0.0,0.0,0.0,0.0,0.0,0.0,0.0,0.0,0.0
m042,0.0,0.0,0.0,0.0,0.0,0.0,0.0,0.0,0.0,0.0
m043,0.0,0.0,0.0,0.0,0.0,0.0,0.0,0.0,0.0,0.0
m044,0.0,0.0,0.0,0.0,0.0,0.0,0.0,0.0,0.0,0.0
m045,0.0,0.0,0.0,0.0,0.0,0.0,0.0,0.0,0.0,0.0
m046,0.0,0.0,0.0,0.0,0.0,0.0,0.0,0.0,0.0,0.0
Agua,0,1,10,70
om01,0.0,0.0,0.0,0.0,0.0,0.0,0.0,0.0,0.0,0.0
om02,0.0,0.0,0.0,0.0,0.0,0.0,0.0,0.0,0.0,0.0
om03,0.0,0.0,0.0,0.0,0.0,0.0,0.0,0.0,0.0,0.0
om04,0.0,0.0,0.0,0.0,0.0,0.0,0.0,0.0,0.0,0.0
om05,0.0,0.0,0.0,0.0,0.0,0.0,0.0,0.0,0.0,0.0
om06,0.0,0.0,0.0,0.0,0.0,0.0,0.0,0.0,0.0,0.0
om07,0.0,0.0,0.0,0.0,0.0,0.0,0.0,0.0,0.0,0.0
om08,0.0,0.0,0.0,0.0,0.0,0.0,0.0,0.0,0.0,0.0
om09,0.0,0.0,0.0,0.0,0.0,0.0,0.0,0.0,0.0,0.0
om10,0.0,0.0,0.0,0.0,0.0,0.0,0.0,0.0,0.0,0.0
